9.298910990552355926e-03 4.950495049504950555e-03
4.402865986009716313e-03 4.950495049504950555e-03
2.497876820251808752e-02 4.950495049504949688e-03
2.087970383580944975e-03 4.950495049504950555e-03
3.187169494626077189e-03 4.950495049504950555e-03
2.181949937780788135e-02 4.950495049504949688e-03
8.987997663178143651e-03 4.950495049504950555e-03
4.250672912030959046e-03 4.950495049504950555e-03
1.759234403955945228e-03 4.950495049504950555e-03
7.293395176897483033e-03 4.950495049504950555e-03
6.606074358161470941e-03 4.950495049504951423e-03
1.889881826566192080e-02 4.950495049504949688e-03
1.154650757491202046e-03 4.950495049504950555e-03
7.003974174544663062e-03 4.950495049504950555e-03
6.696488268884230426e-03 4.950495049504950555e-03
4.229866250698684563e-03 4.950495049504949688e-03
1.978582918403373747e-03 4.950495049504951423e-03
3.603228243987005065e-03 4.950495049504949688e-03
2.565884607050250392e-03 4.950495049504949688e-03
1.745616845769331054e-03 4.950495049504950555e-03
3.523659509766199471e-03 4.950495049504950555e-03
9.982180579244135515e-03 4.950495049504950555e-03
5.265924565425033135e-03 4.950495049504950555e-03
3.544422923688206849e-03 4.950495049504950555e-03
8.574770318998057791e-03 4.950495049504950555e-03
1.815821346360216781e-03 4.950495049504951423e-03
2.419457141393660526e-03 4.950495049504949688e-03
5.093159219641939066e-03 4.950495049504950555e-03
3.871743464072685634e-03 4.950495049504949688e-03
4.637735451783791402e-03 4.950495049504950555e-03
2.017302683945757565e-03 4.950495049504950555e-03
4.587596248793449592e-03 4.950495049504949688e-03
2.431278452071080481e-03 4.950495049504949688e-03
4.036312053134346982e-03 4.950495049504950555e-03
7.808540097355506568e-03 4.950495049504950555e-03
8.672382965532852636e-03 4.950495049504950555e-03
3.920369403242020656e+00 4.950495049504914993e-03
1.516666945064536458e-03 4.950495049504950555e-03
5.177492848416613558e-03 4.950495049504950555e-03
5.899607182260228899e-03 4.950495049504950555e-03
1.104589911885325501e-03 4.950495049504950555e-03
1.260082165536330692e-02 4.950495049504951423e-03
3.422352360367277718e-03 4.950495049504950555e-03
1.707082152427717974e-03 4.950495049504949688e-03
2.133996114613714336e-03 4.950495049504950555e-03
3.834881551187374615e-02 4.950495049504950555e-03
5.485282451768367686e-03 4.950495049504950555e-03
1.120231899950090010e-01 4.950495049504954892e-03
2.141266279787208335e-03 4.950495049504950555e-03
7.718107068220950466e-04 4.950495049504950555e-03
2.524750110341397995e-03 4.950495049504949688e-03
7.899661133964009036e-04 4.950495049504950555e-03
3.199041064610362323e-03 4.950495049504950555e-03
2.089850583681858442e-01 4.950495049504950555e-03
3.484288201803506079e-03 4.950495049504950555e-03
6.277322763663694023e-03 4.950495049504951423e-03
5.530580434277084130e-03 4.950495049504951423e-03
5.509791884222093976e-03 4.950495049504950555e-03
5.032383464806089099e-03 4.950495049504950555e-03
2.032200789995808853e-03 4.950495049504950555e-03
1.760647380486589017e-02 4.950495049504950555e-03
2.644252868899285222e-02 4.950495049504949688e-03
4.034602952524790793e-03 4.950495049504950555e-03
2.129754489853934955e-03 4.950495049504949688e-03
5.541512316264893788e-03 4.950495049504949688e-03
1.249150324869892185e-02 4.950495049504949688e-03
3.705909005101521488e-03 4.950495049504949688e-03
3.304490097652772358e-03 4.950495049504950555e-03
5.188318307161984139e-03 4.950495049504950555e-03
1.038366890076988791e-01 4.950495049504954892e-03
3.453517006724694718e-03 4.950495049504950555e-03
8.139834119826421660e-03 4.950495049504950555e-03
1.112231764432708436e-02 4.950495049504950555e-03
1.358203700942451101e-03 4.950495049504950555e-03
5.845981939536946601e-03 4.950495049504950555e-03
1.941354026387849818e-01 4.950495049504946218e-03
1.345604621288923547e-03 4.950495049504950555e-03
1.259687519803464051e-01 4.950495049504948820e-03
8.329639829480876140e-03 4.950495049504950555e-03
3.717854992429064313e-03 4.950495049504950555e-03
7.229430957268268357e-03 4.950495049504950555e-03
1.460037107455591614e-02 4.950495049504950555e-03
9.800519000495895583e-03 4.950495049504949688e-03
4.465943355594301396e-03 4.950495049504950555e-03
9.224424663626560120e-03 4.950495049504950555e-03
5.076959269034422156e-03 4.950495049504951423e-03
6.209325355519785400e-03 4.950495049504950555e-03
1.788084806784664580e-03 4.950495049504950555e-03
3.723814387616750533e-03 4.950495049504950555e-03
1.382182268495076201e-02 4.950495049504950555e-03
6.165096476032864287e-03 4.950495049504950555e-03
3.682953600160236013e-02 4.950495049504951423e-03
3.804448483081720230e-03 4.950495049504950555e-03
1.530413299938370580e-02 4.950495049504949688e-03
4.907547200585638328e-03 4.950495049504950555e-03
5.099374885387697454e-03 4.950495049504950555e-03
5.516423809894108188e-02 4.950495049504951423e-03
7.404177283267950396e-03 4.950495049504949688e-03
5.325510605563031630e-02 4.950495049504951423e-03
6.225597213303241811e-02 4.950495049504949688e-03
2.089375264488376165e-03 4.950495049504950555e-03
3.744344248496211600e-03 4.950495049504950555e-03
1.596017311804651681e-03 4.950495049504950555e-03
6.062285853562889362e-03 4.950495049504950555e-03
4.879510527048644408e-03 4.950495049504950555e-03
7.929464578449793924e-03 4.950495049504950555e-03
9.325128168409010931e-03 4.950495049504950555e-03
6.727368250321167503e-03 4.950495049504950555e-03
9.638914122532562384e-03 4.950495049504950555e-03
6.818710737197069410e-03 4.950495049504949688e-03
4.179000867531249691e-02 4.950495049504950555e-03
1.240515310545271983e-03 4.950495049504950555e-03
1.001331401690723349e-01 4.950495049504952290e-03
8.935093594599961137e-03 4.950495049504951423e-03
3.352012222439700907e-03 4.950495049504950555e-03
2.271847389199761411e-03 4.950495049504949688e-03
3.296641599965545021e-03 4.950495049504950555e-03
3.132361745558105703e-02 4.950495049504949688e-03
1.628148703378599557e-03 4.950495049504950555e-03
1.224598105891325575e-02 4.950495049504950555e-03
4.355278884988459873e-03 4.950495049504950555e-03
2.811915395342808304e-03 4.950495049504949688e-03
1.645777970640211396e-03 4.950495049504950555e-03
3.482907284614998600e-03 4.950495049504950555e-03
2.509225122162475792e-03 4.950495049504950555e-03
1.621196164437636996e-03 4.950495049504950555e-03
4.657550910014543639e-03 4.950495049504949688e-03
5.699353944145149099e-03 4.950495049504950555e-03
3.204827263331034432e-03 4.950495049504949688e-03
2.082485226286521010e-02 4.950495049504949688e-03
3.094619220381393532e-03 4.950495049504950555e-03
5.065853932651126837e-03 4.950495049504950555e-03
4.082805289057612162e-03 4.950495049504950555e-03
1.390612760616829124e-03 4.950495049504950555e-03
2.685089143816718829e-03 4.950495049504950555e-03
6.392590473369198084e-03 4.950495049504951423e-03
1.710300164553082633e-02 4.950495049504950555e-03
2.191806978937231327e-03 4.950495049504950555e-03
6.431412429514568943e-03 4.950495049504950555e-03
2.395954213096999300e-03 4.950495049504949688e-03
1.297077387558588819e-02 4.950495049504951423e-03
1.688991840411891484e-03 4.950495049504950555e-03
8.370593416465615944e-02 4.950495049504952290e-03
5.041203316249371486e-03 4.950495049504950555e-03
3.353863356569682531e-03 4.950495049504950555e-03
5.547379370401205219e-03 4.950495049504950555e-03
9.434753118309457650e-04 4.950495049504951423e-03
2.551771985172867751e-03 4.950495049504950555e-03
1.377197482617667111e-03 4.950495049504950555e-03
3.502203584046871369e-03 4.950495049504950555e-03
1.708463781750597975e-03 4.950495049504949688e-03
6.794560648079752893e-03 4.950495049504949688e-03
1.544400291009724417e-02 4.950495049504950555e-03
4.954403224821938428e-03 4.950495049504950555e-03
2.682744021710022162e-03 4.950495049504949688e-03
1.943306279532397776e-02 4.950495049504950555e-03
9.265020282554926878e-02 4.950495049504950555e-03
9.085615714955336264e-03 4.950495049504949688e-03
1.710653916970801720e-03 4.950495049504950555e-03
1.577536109384503234e-03 4.950495049504950555e-03
8.697422329038717939e-03 4.950495049504950555e-03
8.210914077009913783e-03 4.950495049504950555e-03
2.307471627645917619e-03 4.950495049504950555e-03
1.719242127746533136e-02 4.950495049504951423e-03
6.708131406454822913e-03 4.950495049504950555e-03
1.826011778424363810e-03 4.950495049504950555e-03
1.119979759133032764e-02 4.950495049504949688e-03
3.137587122689384101e-03 4.950495049504949688e-03
3.012056336929289091e-03 4.950495049504950555e-03
2.599449847302730786e-03 4.950495049504949688e-03
3.968790309649994699e-03 4.950495049504950555e-03
8.178892487479928058e-03 4.950495049504950555e-03
1.793236987887908331e-03 4.950495049504951423e-03
1.265987327554414510e-01 4.950495049504950555e-03
3.387892307783397280e-03 4.950495049504949688e-03
2.336087129381938469e-03 4.950495049504950555e-03
1.601488245977216764e-03 4.950495049504950555e-03
3.728715246237979293e-03 4.950495049504950555e-03
8.153863811294717948e-03 4.950495049504950555e-03
2.903150352267318789e-03 4.950495049504950555e-03
5.071774030237698877e-03 4.950495049504949688e-03
1.763121293941709820e-03 4.950495049504950555e-03
6.700389490011176771e-03 4.950495049504950555e-03
5.359217184550462906e-03 4.950495049504950555e-03
2.702492286138990455e-03 4.950495049504949688e-03
2.344252568662135924e-02 4.950495049504950555e-03
1.768283898395292672e-03 4.950495049504950555e-03
2.056316762343231817e-03 4.950495049504950555e-03
9.518740428086472014e-03 4.950495049504950555e-03
2.034263887816575161e-02 4.950495049504950555e-03
1.832796266273737512e-02 4.950495049504950555e-03
4.181834188122741935e-03 4.950495049504949688e-03
6.174946016136477304e-03 4.950495049504951423e-03
6.370338312057468103e-03 4.950495049504950555e-03
3.927359276421463902e-03 4.950495049504950555e-03
5.000736476843738523e-03 4.950495049504949688e-03
1.251930315689734176e-03 4.950495049504948820e-03
7.195274209398471420e-03 4.950495049504950555e-03
5.869984274237898848e-03 4.950495049504949688e-03
3.426053850671484293e-03 4.950495049504950555e-03
1.523285365382916201e-02 4.950495049504950555e-03
4.238878105822731397e-03 4.950495049504951423e-03
1.140605623793857631e-01 4.950495049504950555e-03
3.192629892038788969e-03 4.950495049504951423e-03
8.623372527332824333e-01 4.950495049504967902e-03
5.535618990991503924e-02 4.950495049504951423e-03
7.435657895185165608e-03 4.950495049504950555e-03
3.007821012326740082e-02 4.950495049504951423e-03
3.224393089372656722e-03 4.950495049504949688e-03
5.012796174002481092e-02 4.950495049504950555e-03
5.388975977176258154e-03 4.950495049504950555e-03
4.516696856707141938e-02 4.950495049504952290e-03
9.156960106300822758e-03 4.950495049504950555e-03
1.781947391838451531e-03 4.950495049504950555e-03
7.378111852273905660e-03 4.950495049504951423e-03
1.478296628226198747e-03 4.950495049504950555e-03
1.351833500514121843e-02 4.950495049504951423e-03
2.734319360518149868e-03 4.950495049504950555e-03
7.144996054410832423e-03 4.950495049504949688e-03
5.852496440261103182e-03 4.950495049504949688e-03
2.229482712389059193e-02 4.950495049504950555e-03
7.318915383251761546e-03 4.950495049504950555e-03
1.493524320012343080e-02 4.950495049504949688e-03
8.802345412131972260e-03 4.950495049504950555e-03
6.354503200905493865e-02 4.950495049504950555e-03
1.928086029931922038e-03 4.950495049504949688e-03
1.875029730433527136e-02 4.950495049504949688e-03
2.739572557772338313e-03 4.950495049504950555e-03
3.039753324046842037e-02 4.950495049504950555e-03
5.917705168840844618e-03 4.950495049504949688e-03
8.991950126195667270e-04 4.950495049504950555e-03
1.062345328940393499e-03 4.950495049504950555e-03
1.727598062200370616e-03 4.950495049504950555e-03
7.213305940417772018e-03 4.950495049504949688e-03
1.689343987517745449e-02 4.950495049504950555e-03
7.815306078241142027e-03 4.950495049504950555e-03
3.318523138821525328e-03 4.950495049504950555e-03
3.111351427621025442e-03 4.950495049504950555e-03
1.690712796610811634e-03 4.950495049504949688e-03
3.528656007047257549e-03 4.950495049504950555e-03
5.569114151718144133e-03 4.950495049504949688e-03
3.754134097774307864e-03 4.950495049504950555e-03
4.314520998306415472e-03 4.950495049504949688e-03
1.140166761942746666e-02 4.950495049504950555e-03
7.298812128635012719e-02 4.950495049504952290e-03
2.967605373875824293e-03 4.950495049504949688e-03
2.730120458701963074e-03 4.950495049504950555e-03
8.240537310316429706e-03 4.950495049504949688e-03
2.631631282883300279e-03 4.950495049504949688e-03
2.469475427873210008e-03 4.950495049504949688e-03
1.992617034414003677e-03 4.950495049504950555e-03
5.004464533297495708e-03 4.950495049504950555e-03
1.942762009304882607e-03 4.950495049504949688e-03
2.137103883820630837e-03 4.950495049504950555e-03
8.831804602426104184e-03 4.950495049504949688e-03
3.386682306103055030e-03 4.950495049504950555e-03
9.419618828932985882e-03 4.950495049504949688e-03
1.133403069823368456e-02 4.950495049504950555e-03
1.990243581267177667e-03 4.950495049504950555e-03
7.354282887084438204e-03 4.950495049504950555e-03
2.638509039522120205e-03 4.950495049504950555e-03
5.007541323950480058e-03 4.950495049504949688e-03
5.888332039107861508e-03 4.950495049504950555e-03
3.010320532414223742e-03 4.950495049504950555e-03
4.531865887773086320e-03 4.950495049504950555e-03
9.495612712657901938e-03 4.950495049504948820e-03
1.160054996998295500e-02 4.950495049504950555e-03
1.094082585876227608e-02 4.950495049504949688e-03
2.794858105552867553e-03 4.950495049504950555e-03
4.361106762377787646e-03 4.950495049504950555e-03
1.919836093253045328e-03 4.950495049504949688e-03
4.312323508406988234e-03 4.950495049504950555e-03
7.422947973926234851e-03 4.950495049504949688e-03
2.079474839236284192e-03 4.950495049504950555e-03
3.726519147961916342e-03 4.950495049504949688e-03
1.698410966856335252e-03 4.950495049504950555e-03
6.300678120557452570e-03 4.950495049504950555e-03
5.729530782244353533e-03 4.950495049504950555e-03
1.223383984600207117e-03 4.950495049504950555e-03
4.704660999788406843e-03 4.950495049504949688e-03
3.679603037926889968e-03 4.950495049504950555e-03
6.896890425197979395e-03 4.950495049504950555e-03
2.107868191566639009e-03 4.950495049504949688e-03
8.470711535150844337e-03 4.950495049504951423e-03
5.297923860548994432e-03 4.950495049504949688e-03
7.018300402345211937e-04 4.950495049504950555e-03
2.839333665151596003e-03 4.950495049504951423e-03
5.165469789318186990e-03 4.950495049504949688e-03
4.704578447579326091e-03 4.950495049504950555e-03
1.723326536350924462e-02 4.950495049504950555e-03
3.342742564491225227e-02 4.950495049504949688e-03
8.773567212734482285e-03 4.950495049504950555e-03
2.634950458976112377e-03 4.950495049504950555e-03
1.796123199143186480e-02 4.950495049504949688e-03
1.493615403004255361e-02 4.950495049504949688e-03
4.594016617088350282e-03 4.950495049504950555e-03
2.995645160185799859e-03 4.950495049504950555e-03
6.774072672183475453e-03 4.950495049504950555e-03
2.755709415264318875e-03 4.950495049504950555e-03
4.954163586418263918e-03 4.950495049504949688e-03
6.314720438374168791e-03 4.950495049504950555e-03
3.193013111989338564e-03 4.950495049504949688e-03
2.082627278809596680e-02 4.950495049504950555e-03
2.411001363316814857e-03 4.950495049504950555e-03
1.166384639317151750e-01 4.950495049504951423e-03
4.592083944900245129e-03 4.950495049504949688e-03
1.532265161527354529e-02 4.950495049504950555e-03
2.023154019797842457e-02 4.950495049504950555e-03
5.033861224339104302e-03 4.950495049504950555e-03
6.927392621642990654e-03 4.950495049504950555e-03
2.932034216115427666e-03 4.950495049504950555e-03
5.555021233788580773e-03 4.950495049504951423e-03
9.252091153469543111e-03 4.950495049504949688e-03
8.803909069112100111e-03 4.950495049504949688e-03
2.733937517676451271e-03 4.950495049504949688e-03
3.012540763874843337e-03 4.950495049504950555e-03
3.466285075210958494e-03 4.950495049504951423e-03
2.902668572992003412e-03 4.950495049504950555e-03
3.144001991178995564e-02 4.950495049504950555e-03
3.283716042328414797e-02 4.950495049504949688e-03
2.215415280789026671e-03 4.950495049504949688e-03
5.719948846039588086e-03 4.950495049504950555e-03
1.684045087327512959e-03 4.950495049504949688e-03
2.014664681485147171e-03 4.950495049504949688e-03
5.712651793401043662e-03 4.950495049504950555e-03
3.605344837592188659e-03 4.950495049504950555e-03
1.493649580219563386e-02 4.950495049504949688e-03
1.746778182281142917e-03 4.950495049504950555e-03
2.214751717141979961e-03 4.950495049504950555e-03
2.446341175512327729e-02 4.950495049504949688e-03
2.791402680765277169e-03 4.950495049504950555e-03
2.194738819955107181e-02 4.950495049504949688e-03
6.141039189298083331e-03 4.950495049504950555e-03
4.454616235858293617e-03 4.950495049504950555e-03
4.698663463403808874e-03 4.950495049504949688e-03
9.545186793412917606e-03 4.950495049504950555e-03
3.322005551423163477e-03 4.950495049504950555e-03
3.819520431354977204e-03 4.950495049504950555e-03
6.644279437244563803e-03 4.950495049504950555e-03
3.695697675869777637e-03 4.950495049504950555e-03
6.430162301552043436e-03 4.950495049504950555e-03
3.184249841380441121e-03 4.950495049504949688e-03
3.694942030727322441e-02 4.950495049504951423e-03
7.990555272652093491e-03 4.950495049504950555e-03
6.091726130164018017e-03 4.950495049504951423e-03
7.883629709614578540e-03 4.950495049504951423e-03
5.334924756884477405e-03 4.950495049504950555e-03
1.596732624174499425e-03 4.950495049504950555e-03
6.764249757652028745e-03 4.950495049504950555e-03
3.515736327198109960e-03 4.950495049504950555e-03
6.301328217425394840e-02 4.950495049504950555e-03
6.709841108868258401e-03 4.950495049504951423e-03
1.016913881099375944e-02 4.950495049504950555e-03
2.946853140037046775e-03 4.950495049504950555e-03
1.710470254781136902e-03 4.950495049504950555e-03
3.347201665958649507e-03 4.950495049504951423e-03
2.984024388818022101e-03 4.950495049504950555e-03
3.206933533674777466e-03 4.950495049504951423e-03
6.771928931373163464e-03 4.950495049504949688e-03
3.410900250809862592e-03 4.950495049504949688e-03
3.384809226163698354e-03 4.950495049504950555e-03
1.167067353789712561e-02 4.950495049504951423e-03
9.192943918323932817e-03 4.950495049504950555e-03
1.186379262371763284e-02 4.950495049504950555e-03
3.726844024827427430e-03 4.950495049504950555e-03
2.182042511120469222e-03 4.950495049504950555e-03
5.135083057547296104e-02 4.950495049504949688e-03
2.796869089713157914e-03 4.950495049504950555e-03
5.307722349021005634e-03 4.950495049504949688e-03
2.232384968691249628e-03 4.950495049504949688e-03
3.403692481256872723e-03 4.950495049504950555e-03
5.645178707940746651e-03 4.950495049504949688e-03
6.234454102480723944e-03 4.950495049504949688e-03
1.868065796580508937e-03 4.950495049504951423e-03
4.264006268027684121e-03 4.950495049504949688e-03
3.047971712551700383e-03 4.950495049504950555e-03
3.478098308591546627e-03 4.950495049504950555e-03
1.255032480780342297e-03 4.950495049504949688e-03
2.544158145357051926e-02 4.950495049504951423e-03
9.301828169580143597e-04 4.950495049504949688e-03
4.857010226905151412e-02 4.950495049504949688e-03
2.196146656308635078e-02 4.950495049504949688e-03
6.572222647170847254e-03 4.950495049504950555e-03
5.470833314645731811e-03 4.950495049504950555e-03
3.300201056482140322e-02 4.950495049504950555e-03
5.474930691845614032e-03 4.950495049504950555e-03
1.943079068948326115e-03 4.950495049504949688e-03
2.357883802300839767e-03 4.950495049504950555e-03
1.970399278556297235e-03 4.950495049504950555e-03
1.920888376155477709e-02 4.950495049504950555e-03
2.843517314721345172e-03 4.950495049504950555e-03
1.484965121548376815e-03 4.950495049504950555e-03
1.810573858578332128e-03 4.950495049504950555e-03
3.092173009227540750e-03 4.950495049504950555e-03
4.092852913020993133e-03 4.950495049504950555e-03
1.810493112293722756e-03 4.950495049504950555e-03
6.847975281335244233e-03 4.950495049504950555e-03
1.740099445379762466e-01 4.950495049504957494e-03
3.104971503923651191e-02 4.950495049504949688e-03
2.135465158204665967e-03 4.950495049504950555e-03
7.527974366594671930e-03 4.950495049504950555e-03
5.376464279961497630e-03 4.950495049504950555e-03
7.539907657955963356e-03 4.950495049504949688e-03
6.503291317685079218e-03 4.950495049504950555e-03
5.778360865837874234e-03 4.950495049504949688e-03
4.760882754542200557e-03 4.950495049504950555e-03
1.142348455280031566e-01 4.950495049504950555e-03
8.281114684266951921e-04 4.950495049504950555e-03
1.277313890598218149e-02 4.950495049504949688e-03
3.504186582274518378e-03 4.950495049504950555e-03
3.096486190662752630e-02 4.950495049504950555e-03
2.112192367448607715e-03 4.950495049504950555e-03
5.992551564504891223e-03 4.950495049504952290e-03
3.223523270019448481e-03 4.950495049504950555e-03
1.180077837687929648e-02 4.950495049504951423e-03
2.444234968757983545e-03 4.950495049504950555e-03
2.219829826405301035e-02 4.950495049504950555e-03
3.751848802480949648e-03 4.950495049504950555e-03
3.297039476097057917e-03 4.950495049504949688e-03
1.237888363626122798e-02 4.950495049504949688e-03
1.475902143223909151e-03 4.950495049504950555e-03
6.438697415364657770e-03 4.950495049504950555e-03
3.182815896953340891e-03 4.950495049504951423e-03
4.049705423647000958e-03 4.950495049504950555e-03
3.016653924182363233e-03 4.950495049504950555e-03
3.216065700647636420e-03 4.950495049504949688e-03
2.037687689826604958e-03 4.950495049504951423e-03
3.165212818872031528e-03 4.950495049504950555e-03
1.489437887181706104e-02 4.950495049504951423e-03
6.368658708044914497e-03 4.950495049504949688e-03
1.542351044798065613e-03 4.950495049504950555e-03
1.522711930282038629e-03 4.950495049504949688e-03
2.261192063628485269e-03 4.950495049504950555e-03
1.356418330504079867e-02 4.950495049504950555e-03
2.626352465002659842e-02 4.950495049504950555e-03
8.143161290721366574e-03 4.950495049504951423e-03
2.253646009527692212e-03 4.950495049504950555e-03
1.337310343258762968e-03 4.950495049504950555e-03
3.000319250672070850e-02 4.950495049504951423e-03
1.237708872818071631e-03 4.950495049504950555e-03
3.673371048704928039e-03 4.950495049504950555e-03
6.482997864096475688e-03 4.950495049504949688e-03
1.415475800671992706e-03 4.950495049504949688e-03
3.567629862032755620e-03 4.950495049504950555e-03
1.408041054962146663e-03 4.950495049504950555e-03
1.343903747408510541e-03 4.950495049504950555e-03
3.613101612603573844e-03 4.950495049504950555e-03
8.611341741120879731e-03 4.950495049504950555e-03
2.836155897112785026e-03 4.950495049504950555e-03
2.127312377029588232e-03 4.950495049504950555e-03
3.343495035874465872e-03 4.950495049504949688e-03
1.914155724919170982e-03 4.950495049504950555e-03
3.658667277795467181e-03 4.950495049504950555e-03
4.335316996769435736e-03 4.950495049504951423e-03
1.537546850652591430e-03 4.950495049504950555e-03
4.593269047431371849e-03 4.950495049504950555e-03
1.631874736604942491e-02 4.950495049504949688e-03
2.052505772801532444e-03 4.950495049504950555e-03
5.663462124973086403e-02 4.950495049504950555e-03
4.243539708582418600e-03 4.950495049504949688e-03
4.353701305278145223e-02 4.950495049504949688e-03
2.101796649757873420e-02 4.950495049504949688e-03
3.677603239673618400e-03 4.950495049504950555e-03
1.206641097062498280e-02 4.950495049504950555e-03
1.605221241669438142e-03 4.950495049504950555e-03
4.988742671297312879e-03 4.950495049504949688e-03
4.804526186393835198e-03 4.950495049504951423e-03
3.962541948216266770e-03 4.950495049504950555e-03
2.869158917721287543e-03 4.950495049504950555e-03
2.241056440069331187e-03 4.950495049504950555e-03
2.893677046638837205e-03 4.950495049504949688e-03
5.844112827429712685e-03 4.950495049504949688e-03
4.377125924446364884e-03 4.950495049504950555e-03
3.948050637340345254e-03 4.950495049504950555e-03
6.874942837200919907e-03 4.950495049504949688e-03
1.216634749591648766e-02 4.950495049504950555e-03
1.708842048499203698e-03 4.950495049504950555e-03
3.212410477580363022e-02 4.950495049504950555e-03
1.186264796872485254e-02 4.950495049504950555e-03
6.013370192671079265e-03 4.950495049504949688e-03
2.245835670579463331e-02 4.950495049504951423e-03
2.446144187945640744e-03 4.950495049504951423e-03
1.011508605113435599e-02 4.950495049504949688e-03
2.330765799729720700e-01 4.950495049504952290e-03
2.128096018418850540e-03 4.950495049504950555e-03
5.399927238652125518e-03 4.950495049504949688e-03
2.347921809003158944e-02 4.950495049504949688e-03
5.001417264574693072e-03 4.950495049504950555e-03
9.201593946328838090e-04 4.950495049504950555e-03
9.703145639948614759e-03 4.950495049504949688e-03
4.363419604860492747e-03 4.950495049504950555e-03
1.553937872472253845e-02 4.950495049504950555e-03
3.542549938416289425e-03 4.950495049504949688e-03
1.384039372801546333e-02 4.950495049504950555e-03
3.544244867448836066e-03 4.950495049504949688e-03
1.346374274316001780e-03 4.950495049504950555e-03
4.731000484222819789e-03 4.950495049504950555e-03
3.405447049560255887e-03 4.950495049504949688e-03
4.026804575106531642e-02 4.950495049504949688e-03
2.639242981269102842e-03 4.950495049504950555e-03
7.003402219152521369e-03 4.950495049504951423e-03
1.125591959002938090e-02 4.950495049504950555e-03
4.768924995944725034e-03 4.950495049504950555e-03
2.050697603885423635e-03 4.950495049504950555e-03
4.008999005236238596e-03 4.950495049504950555e-03
9.680217968188648686e-03 4.950495049504949688e-03
1.630137282108937158e-03 4.950495049504949688e-03
2.964209297503930546e-03 4.950495049504950555e-03
9.236365641637489521e-04 4.950495049504950555e-03
6.497099266589090316e-03 4.950495049504950555e-03
1.811354608605985315e-03 4.950495049504950555e-03
6.028980028182048118e-02 4.950495049504950555e-03
7.543019216412066852e-03 4.950495049504950555e-03
2.069278448251844066e-02 4.950495049504950555e-03
2.333647481802124998e-03 4.950495049504949688e-03
2.424793263942447846e-02 4.950495049504951423e-03
3.785745344818058303e-03 4.950495049504950555e-03
2.287647796716598802e-03 4.950495049504950555e-03
1.899699600217169895e-02 4.950495049504949688e-03
4.934996019712921053e-03 4.950495049504950555e-03
1.251618893927068307e-02 4.950495049504950555e-03
8.788159765591781192e-03 4.950495049504950555e-03
4.941094385193372032e-03 4.950495049504950555e-03
2.414504436054923028e-02 4.950495049504950555e-03
2.036471607720275953e-02 4.950495049504950555e-03
6.339216996605414461e-03 4.950495049504951423e-03
1.628989499747619113e-02 4.950495049504950555e-03
6.067470499487864419e-03 4.950495049504949688e-03
3.175109275989245611e-02 4.950495049504951423e-03
1.114112817000636468e-01 4.950495049504951423e-03
5.645994741818943612e-03 4.950495049504949688e-03
1.331648001989990150e-03 4.950495049504950555e-03
2.306147724483602335e-02 4.950495049504950555e-03
3.171162376155779207e-03 4.950495049504951423e-03
1.027979479161491780e-02 4.950495049504949688e-03
2.077428872435133772e-03 4.950495049504950555e-03
2.791594307654609360e-03 4.950495049504950555e-03
5.196748841944325709e-02 4.950495049504950555e-03
3.456724707121038367e-03 4.950495049504950555e-03
2.505917809681327754e-02 4.950495049504950555e-03
2.589186326338136033e-03 4.950495049504950555e-03
1.500246835760722566e-03 4.950495049504949688e-03
4.384747342118368828e-03 4.950495049504950555e-03
7.472172900264092456e-03 4.950495049504950555e-03
1.062290346112183207e-03 4.950495049504949688e-03
7.584232116297268123e-02 4.950495049504950555e-03
3.846043992467177829e-03 4.950495049504950555e-03
1.817630927011811915e-03 4.950495049504950555e-03
4.412143726049434431e-03 4.950495049504950555e-03
4.671916906762415070e-03 4.950495049504950555e-03
5.569056568209827460e-03 4.950495049504950555e-03
1.575847694295469115e-01 4.950495049504947953e-03
5.113921769737443494e-03 4.950495049504950555e-03
6.841562796920064261e-04 4.950495049504950555e-03
3.432717516744682174e-02 4.950495049504951423e-03
5.599002920895961542e-03 4.950495049504950555e-03
8.517434836641434243e-04 4.950495049504949688e-03
2.812966506979525712e-03 4.950495049504950555e-03
2.410331646162310222e-03 4.950495049504949688e-03
1.286417316043031618e-02 4.950495049504949688e-03
1.186204691202664627e-02 4.950495049504949688e-03
4.650915761371632318e-02 4.950495049504949688e-03
3.837206698379937338e-03 4.950495049504950555e-03
2.441886916376838010e-03 4.950495049504949688e-03
1.889738791966449850e-03 4.950495049504950555e-03
4.510341634967271647e-03 4.950495049504950555e-03
1.934694951690386563e-02 4.950495049504950555e-03
2.293361851029577375e-02 4.950495049504950555e-03
1.840129468791613628e-03 4.950495049504950555e-03
1.600360699884125371e-03 4.950495049504951423e-03
5.602677992564045195e-03 4.950495049504950555e-03
1.310897676991282755e-02 4.950495049504950555e-03
1.812129813359520183e-02 4.950495049504949688e-03
1.542273585299700628e-02 4.950495049504950555e-03
7.840166273105140041e-03 4.950495049504950555e-03
3.349621183357973011e-03 4.950495049504950555e-03
3.577428731729716434e-03 4.950495049504950555e-03
5.468597993082494751e-02 4.950495049504950555e-03
3.950291182186701361e-03 4.950495049504950555e-03
4.851435661532575543e-03 4.950495049504950555e-03
1.889605392771010741e-03 4.950495049504950555e-03
1.877114853402478065e-03 4.950495049504950555e-03
1.168178226743761365e-02 4.950495049504951423e-03
2.813476958609989649e-03 4.950495049504950555e-03
4.139491637424066138e-03 4.950495049504949688e-03
5.293056129564682050e-02 4.950495049504950555e-03
3.036854955263796306e-03 4.950495049504951423e-03
1.811600344664285878e+00 4.950495049504976576e-03
3.796821411912496436e-03 4.950495049504950555e-03
2.168382789479022382e-02 4.950495049504950555e-03
9.248719257605749963e-03 4.950495049504950555e-03
1.193984930810076950e-03 4.950495049504949688e-03
1.013942784276893527e-03 4.950495049504950555e-03
9.210687968484156107e-03 4.950495049504950555e-03
1.395057595145295570e-03 4.950495049504950555e-03
2.522442627124068561e-03 4.950495049504950555e-03
2.950759598317053735e-03 4.950495049504949688e-03
2.791505485255524679e-03 4.950495049504949688e-03
3.577477520325261957e-03 4.950495049504949688e-03
6.891644600736975511e-03 4.950495049504950555e-03
3.028722849263911984e-03 4.950495049504949688e-03
5.048650342543103270e-03 4.950495049504950555e-03
6.211263979441078442e-04 4.950495049504950555e-03
5.470635747606892793e-03 4.950495049504950555e-03
9.893653031207734830e-03 4.950495049504949688e-03
1.452818104421980863e-03 4.950495049504950555e-03
7.679852296514825746e-03 4.950495049504950555e-03
2.290204210743721196e-03 4.950495049504950555e-03
3.757483750708412798e-03 4.950495049504951423e-03
1.211584374739873259e-02 4.950495049504950555e-03
7.274672816540463938e-01 4.950495049504933208e-03
1.411860390615156391e-01 4.950495049504951423e-03
7.964123833438427683e-03 4.950495049504951423e-03
5.483048164671330306e-03 4.950495049504949688e-03
5.050318650418609417e-02 4.950495049504950555e-03
1.640864722208042409e-03 4.950495049504950555e-03
5.213993374131437736e-03 4.950495049504949688e-03
2.422958679329099280e-03 4.950495049504950555e-03
4.068104979399817661e-03 4.950495049504950555e-03
8.265704901171944813e-03 4.950495049504951423e-03
3.321918729893544135e-03 4.950495049504950555e-03
3.714466269047470102e-03 4.950495049504950555e-03
2.277163097533506028e-03 4.950495049504950555e-03
4.337769254855458785e-03 4.950495049504950555e-03
3.508164022137493909e-03 4.950495049504950555e-03
5.320534415356680501e-03 4.950495049504950555e-03
6.785995976206723491e-03 4.950495049504949688e-03
1.974469106274827010e-02 4.950495049504950555e-03
4.883124037626373343e-03 4.950495049504950555e-03
2.174592754193464556e-03 4.950495049504949688e-03
2.619179294962253532e-03 4.950495049504949688e-03
1.164484431666459874e-02 4.950495049504950555e-03
9.954079738552902221e-03 4.950495049504950555e-03
3.991788509951905810e-03 4.950495049504950555e-03
3.732309260384409841e-03 4.950495049504950555e-03
2.802650414445370230e-03 4.950495049504950555e-03
2.063430798993052488e-03 4.950495049504950555e-03
3.006352049054407134e-03 4.950495049504950555e-03
3.390519075027530454e-03 4.950495049504950555e-03
1.811621804301748054e-03 4.950495049504950555e-03
2.562800224136351033e-03 4.950495049504950555e-03
7.995726975052111843e-03 4.950495049504950555e-03
2.946827724156627845e-03 4.950495049504950555e-03
1.634541490942531886e-02 4.950495049504950555e-03
2.785988150342002395e-03 4.950495049504950555e-03
1.444627843671093684e-03 4.950495049504949688e-03
2.075225666953954273e-01 4.950495049504947953e-03
3.193940438435541925e-03 4.950495049504948820e-03
1.726173319812601865e-03 4.950495049504950555e-03
2.409422925238529928e-03 4.950495049504950555e-03
2.876404441611398431e-03 4.950495049504950555e-03
1.371032957893275617e-02 4.950495049504951423e-03
2.291930457896817867e-03 4.950495049504949688e-03
4.886387777198576178e-03 4.950495049504950555e-03
1.963660005487698288e-03 4.950495049504950555e-03
1.113847210842224961e-01 4.950495049504947953e-03
2.497228071698066963e-03 4.950495049504950555e-03
2.298225704770820096e-02 4.950495049504949688e-03
2.287570249047427354e-02 4.950495049504950555e-03
1.961794713733804908e-03 4.950495049504950555e-03
5.225503012244676893e-02 4.950495049504950555e-03
3.867206715702831404e-03 4.950495049504949688e-03
2.353573487416367113e-03 4.950495049504949688e-03
3.972741000159247735e-03 4.950495049504949688e-03
2.063397729110547779e-03 4.950495049504950555e-03
2.785624343341104679e-03 4.950495049504950555e-03
5.764576550194938642e-02 4.950495049504947953e-03
2.651918292408293396e-03 4.950495049504950555e-03
1.860470954022180184e-02 4.950495049504950555e-03
3.357731502259376100e-03 4.950495049504950555e-03
9.281658982627382162e-03 4.950495049504949688e-03
3.925069903129066971e-03 4.950495049504949688e-03
3.624148325422490383e-03 4.950495049504949688e-03
7.179072945604061950e-03 4.950495049504949688e-03
1.777337419553625189e-02 4.950495049504950555e-03
2.066377471880420473e-03 4.950495049504950555e-03
1.251517287672722399e-03 4.950495049504949688e-03
1.226376678909878344e-02 4.950495049504950555e-03
8.243856914731811925e-02 4.950495049504951423e-03
5.355174986876832730e-03 4.950495049504950555e-03
2.185670403897720625e-03 4.950495049504950555e-03
5.542226887368578714e-03 4.950495049504950555e-03
1.734997438537101352e-02 4.950495049504950555e-03
6.655346526572187248e-03 4.950495049504950555e-03
2.158334570444642511e-02 4.950495049504949688e-03
6.125404022457521178e-03 4.950495049504950555e-03
2.176814930941315535e-02 4.950495049504949688e-03
1.530153147945753980e-03 4.950495049504949688e-03
1.528520737219334590e-02 4.950495049504950555e-03
1.553816119184076852e-03 4.950495049504949688e-03
3.601093822211647814e-03 4.950495049504950555e-03
5.567889346053095379e-03 4.950495049504950555e-03
1.761597123288409852e-02 4.950495049504950555e-03
7.753265827281708052e-03 4.950495049504949688e-03
2.773360558673023529e-03 4.950495049504950555e-03
1.731916150627999234e-03 4.950495049504949688e-03
2.061246236697743955e-03 4.950495049504950555e-03
4.094390143715682419e-03 4.950495049504950555e-03
1.136054660903594495e-03 4.950495049504950555e-03
1.477769811565337590e-03 4.950495049504949688e-03
1.463743245322088674e-02 4.950495049504950555e-03
2.654704416592343439e-03 4.950495049504949688e-03
4.404058621128998686e-03 4.950495049504951423e-03
2.445018572498444676e-03 4.950495049504950555e-03
1.987047911388156451e-01 4.950495049504947953e-03
6.655413565738284992e-03 4.950495049504949688e-03
1.124280897222755711e-02 4.950495049504950555e-03
4.261661266185780977e-02 4.950495049504949688e-03
2.187725637189559535e-03 4.950495049504950555e-03
1.454406512599730195e-01 4.950495049504954025e-03
2.953925493377552395e-03 4.950495049504949688e-03
1.132891776935920219e-02 4.950495049504950555e-03
3.429852798740349196e-03 4.950495049504949688e-03
1.053056407519897646e-02 4.950495049504951423e-03
8.757930120276560121e-03 4.950495049504950555e-03
1.633862584501840189e-03 4.950495049504949688e-03
5.158086464988142703e-03 4.950495049504949688e-03
4.607058398269874358e-03 4.950495049504949688e-03
1.952828208644634758e-03 4.950495049504949688e-03
2.952320417326749578e-03 4.950495049504950555e-03
2.312603533757338122e-03 4.950495049504950555e-03
3.972812933117242373e-03 4.950495049504950555e-03
1.799020037321933220e-03 4.950495049504950555e-03
1.572217039593566809e-03 4.950495049504951423e-03
5.147196088170511406e-03 4.950495049504949688e-03
4.522952803699686886e-03 4.950495049504950555e-03
2.247799903402215426e-03 4.950495049504951423e-03
4.403986154527357415e-03 4.950495049504949688e-03
1.442197028396667493e-03 4.950495049504949688e-03
2.715303223658949074e-03 4.950495049504950555e-03
2.331093878402276057e-03 4.950495049504950555e-03
7.348528404331297614e-03 4.950495049504950555e-03
4.333805712290395018e-02 4.950495049504949688e-03
1.353384624447785591e-03 4.950495049504949688e-03
3.120176561288409093e-03 4.950495049504951423e-03
2.538143702111022443e-02 4.950495049504949688e-03
7.311169537267102510e-03 4.950495049504951423e-03
7.622763635752897657e-03 4.950495049504950555e-03
3.976198405104994053e-03 4.950495049504950555e-03
1.965047500606843019e-03 4.950495049504950555e-03
1.701674377957863166e-03 4.950495049504950555e-03
2.338711671861561439e-03 4.950495049504949688e-03
3.176023451223770194e-03 4.950495049504950555e-03
3.216337945306472525e-03 4.950495049504950555e-03
1.975294438621697304e-02 4.950495049504949688e-03
1.747073459844764726e-03 4.950495049504949688e-03
3.519663064409434949e-03 4.950495049504949688e-03
5.591896183030929668e-03 4.950495049504950555e-03
3.630017424757805023e-03 4.950495049504949688e-03
1.335926708360064916e-03 4.950495049504949688e-03
4.663226596768456182e-03 4.950495049504950555e-03
2.638720516933706559e-03 4.950495049504950555e-03
2.384748646082179013e-01 4.950495049504954892e-03
3.626479931921509740e-03 4.950495049504950555e-03
4.352369258255064932e-02 4.950495049504949688e-03
1.519282695274062067e-01 4.950495049504951423e-03
2.201170620822516175e-02 4.950495049504950555e-03
4.053681552188736527e-03 4.950495049504949688e-03
2.124393876172552507e-03 4.950495049504951423e-03
2.634992408581471671e-03 4.950495049504950555e-03
5.366760137670521097e-02 4.950495049504950555e-03
1.498981611371484092e-02 4.950495049504951423e-03
1.323394991168363143e-02 4.950495049504950555e-03
5.085899061345161218e-03 4.950495049504950555e-03
3.802187578245338605e-03 4.950495049504950555e-03
4.907539176940461240e-03 4.950495049504951423e-03
2.199719894235291004e-03 4.950495049504951423e-03
4.346969814973166216e-03 4.950495049504950555e-03
1.058122346785573880e-03 4.950495049504949688e-03
1.997885131149193961e-03 4.950495049504950555e-03
3.893459516514807643e-03 4.950495049504949688e-03
1.000418517918123980e-02 4.950495049504949688e-03
2.413626984229024289e-02 4.950495049504949688e-03
1.390618973453014440e-02 4.950495049504950555e-03
1.031858612904871034e-02 4.950495049504949688e-03
6.890793820987406622e-03 4.950495049504950555e-03
4.421616946065515946e-02 4.950495049504951423e-03
2.981334937273461515e-03 4.950495049504950555e-03
3.921853283959168997e-03 4.950495049504950555e-03
2.465929038298773392e-03 4.950495049504949688e-03
7.280209505801506741e-03 4.950495049504950555e-03
1.247667580836800232e-02 4.950495049504950555e-03
3.869063654752143838e-03 4.950495049504950555e-03
1.022000042231469962e-03 4.950495049504949688e-03
6.441827399795216694e-03 4.950495049504951423e-03
1.393111872949835510e-02 4.950495049504950555e-03
1.931259135927771570e-02 4.950495049504950555e-03
3.965588524884131744e-03 4.950495049504949688e-03
7.255721867907636950e-03 4.950495049504949688e-03
3.446090424961481546e-02 4.950495049504949688e-03
2.497728217216925277e-03 4.950495049504949688e-03
4.116599438064671643e-03 4.950495049504950555e-03
5.242668182037544394e-02 4.950495049504949688e-03
6.953839693834029147e-04 4.950495049504949688e-03
2.409741837745530968e-01 4.950495049504954025e-03
4.065843719816345826e-03 4.950495049504950555e-03
4.229840373909940672e-03 4.950495049504950555e-03
1.905991044889328041e-03 4.950495049504949688e-03
2.818601090356802341e-03 4.950495049504949688e-03
2.825372064214880848e-03 4.950495049504949688e-03
1.817832592082575154e-03 4.950495049504950555e-03
1.902063401026005216e-03 4.950495049504950555e-03
1.121018144654697610e-03 4.950495049504950555e-03
3.991860764758164634e-03 4.950495049504951423e-03
9.137119438244625455e-03 4.950495049504950555e-03
2.597024812898775931e-02 4.950495049504949688e-03
4.337826054867053097e-03 4.950495049504950555e-03
3.554323290420992321e-02 4.950495049504949688e-03
1.230138903819723815e-02 4.950495049504951423e-03
4.164461448511430630e-03 4.950495049504951423e-03
1.435460661876276391e-02 4.950495049504950555e-03
1.570549240456824147e-02 4.950495049504950555e-03
3.301307739678736950e-03 4.950495049504951423e-03
7.719250195165314014e-03 4.950495049504950555e-03
4.161092370382597772e-03 4.950495049504950555e-03
4.745990023567918728e-03 4.950495049504950555e-03
1.927350494426323391e-02 4.950495049504949688e-03
8.911652107637359904e-03 4.950495049504949688e-03
1.076678789908012274e-02 4.950495049504950555e-03
8.744004054811760698e-03 4.950495049504950555e-03
6.282199595125861381e-03 4.950495049504949688e-03
2.388993844714513894e-03 4.950495049504950555e-03
2.656115379828904999e-03 4.950495049504950555e-03
4.960418747648364518e-03 4.950495049504950555e-03
8.207917028469457598e-04 4.950495049504950555e-03
1.800073194786812455e-03 4.950495049504951423e-03
1.499481859066264730e-03 4.950495049504950555e-03
2.599619177293682054e-02 4.950495049504950555e-03
6.808977441285633814e-03 4.950495049504949688e-03
1.663781298720527421e-02 4.950495049504949688e-03
1.593354039288560897e-02 4.950495049504950555e-03
2.102622895939183258e-03 4.950495049504950555e-03
3.081074315521333505e-03 4.950495049504950555e-03
2.403968257221822218e-03 4.950495049504950555e-03
2.946417887298506590e-03 4.950495049504950555e-03
4.282058457490254925e-03 4.950495049504950555e-03
3.767886113678537308e-03 4.950495049504950555e-03
1.582816839440542162e-02 4.950495049504951423e-03
4.562677805048755142e-02 4.950495049504950555e-03
3.029572178205419079e-03 4.950495049504950555e-03
1.627573476475988436e-03 4.950495049504950555e-03
1.044233584792982755e-02 4.950495049504949688e-03
1.675410613436312257e-02 4.950495049504950555e-03
1.905406908206832423e-02 4.950495049504949688e-03
6.563139052402963865e-03 4.950495049504950555e-03
1.218314928468351190e-02 4.950495049504950555e-03
2.132998902524954610e-03 4.950495049504949688e-03
3.387967066144188626e-03 4.950495049504950555e-03
8.048469894832847513e-03 4.950495049504951423e-03
7.684914700001031253e-03 4.950495049504950555e-03
2.356452741637571433e-03 4.950495049504950555e-03
1.143429650670416912e-03 4.950495049504951423e-03
2.300875669996084189e-03 4.950495049504950555e-03
1.703727189335122382e-03 4.950495049504949688e-03
1.341502309152166166e-03 4.950495049504950555e-03
5.820710874898464213e-03 4.950495049504950555e-03
3.410928784660816754e-02 4.950495049504950555e-03
2.800734020320717801e-03 4.950495049504950555e-03
1.156701583079961307e-02 4.950495049504950555e-03
2.906188780025871672e-03 4.950495049504950555e-03
1.902332486571641293e-02 4.950495049504950555e-03
8.638784054072214946e-01 4.950495049504914993e-03
1.423404051631888510e-02 4.950495049504950555e-03
2.898466398901243246e-01 4.950495049504957494e-03
2.899638456956674711e-03 4.950495049504950555e-03
9.634888326892849034e-03 4.950495049504950555e-03
1.138763907820831110e-02 4.950495049504949688e-03
5.599982341571454157e-03 4.950495049504950555e-03
2.856055743994456459e-03 4.950495049504950555e-03
3.271112613170427692e-03 4.950495049504949688e-03
2.510707591179134335e-03 4.950495049504950555e-03
4.331493828401093878e-03 4.950495049504951423e-03
2.832663551874128448e-03 4.950495049504950555e-03
2.842068741426598613e-03 4.950495049504949688e-03
8.737273317302769607e-04 4.950495049504950555e-03
1.905608075784417628e-03 4.950495049504950555e-03
9.995718683215800565e-03 4.950495049504950555e-03
1.048001988869612100e-01 4.950495049504949688e-03
2.122294714762029775e-03 4.950495049504950555e-03
4.246294793411376813e-03 4.950495049504950555e-03
1.829667996869997239e-03 4.950495049504950555e-03
7.879251307561742010e-03 4.950495049504950555e-03
5.011617944636002561e-03 4.950495049504949688e-03
6.268772062830480114e-03 4.950495049504950555e-03
5.062387432273954269e-03 4.950495049504950555e-03
4.649281428917091674e-02 4.950495049504950555e-03
1.890685535717832183e-02 4.950495049504952290e-03
1.105311562406780098e-03 4.950495049504949688e-03
